195 # (SUB) Ввод символа
54
248
195 
99
254
195 
152
251
195
186
252
195 
70
252
195 
186
252
195 
1
254
195
165
252
195 
34
249
195 
114
254
195 
123
250
195 
127
250
195 
182
250
195
73
251
195 
22
251
195 
206
250
195 
82
255
195 
86
255
62
138
50
3
128
49
207
118
205
206
250
33
0
118
17
95
118
14
0
205
237
249
33
207
118
34
28
118
33
90
255
205
34
249
205
206
250
33
255
117
34
49
118
33
42
29
34
47
118
62
195
50
38
118
49
207
118
33
102
255
205
34
249
50
2
128
61
50
2
160
205
238
248
33
108
248
229
33
51
118
126
254
88
202
211
255
254
85
202
0
240
245
205
44
249
42
43
118
77
68
42
41
118
235
42
39
118
241
254
68
202
197
249
254
67
202
215
249
254
70
202
237
249
254
83
202
244
249
254
84
202
255
249
254
77
202
38
250
254
71
202
63
250
254
73
202
134
250
254
79
202
45
251
254
76
202
8
250
254
82
202
104
250
195
0
240
62
51
189
202
241
248
229
33
158
255
205
34
249
225
43
195
243
248
33
51
118
6
0
205
99
254
254
8
202
220
248
254
127
202
220
248
196
185
252
119
254
13
202
26
249
254
46
202
108
248
6
255
62
82
189
202
174
250
35
195
243
248
120
23
17
51
118
6
0
201
126 # (SUB)Печать сообщения
167
200
205
185
252
35
195
34
249
33
39
118
17
45
118
14
0
205
237
249
17
52
118
205
90
249
34
39
118
34
41
118
216
62
255
50
45
118
205
90
249
34
41
118
216
205
90
249
34
43
118
216
195
174
250
33
0
0
26
19
254
13
202
142
249
254
44
200
254
32
202
93
249
214
48
250
174
250
254
10
250
130
249
254
17
250
174
250
254
23
242
174
250
214
7
79
41
41
41
41
218
174
250
9
195
93
249
55
201
124
186
192
125
187
201
205
164
249
205
144
249
194
162
249
51
51
201
35
201
205
114
254
254
3
192
205
206
250
195
174
250
229
33
108
255
205
34
249
225
201
126
197
205
165
252
62
32
205
185
252
193
201
205
120
251
205
185
249
205
150
249
125
230
15
202
197
249
195
200
249
10
190
202
230
249
205
120
251
205
185
249
10
205
186
249
3
205
150
249
195
215
249
113
205
153
249
195
237
249
121
190
204
120
251
205
150
249
195
244
249
126
2
3
205
153
249
195
255
249
205
120
251
126
183
250
21
250
254
32
210
23
250
62
46
205
185
252
205
150
249
125
230
15
202
8
250
195
11
250
205
120
251
205
185
249
229
205
238
248
225
210
59
250
229
205
90
249
125
225
119
35
195
38
250
205
144
249
202
90
250
235
34
35
118
126
50
37
118
54
247
62
195
50
48
0
33
162
255
34
49
0
49
24
118
193
209
225
241
249
42
22
118
195
38
118
62
144
50
3
160
34
1
160
58
0
160
2
3
205
153
249
195
109
250
42  # (SUB) Запрос положения курсора на экране 
2
118
201
229 # (SUB) Запрос байта из экранного буфера
42
0
118
126
225
201
58
45
118
183
202
145
250
123
50
47
118
205
182
250
205
120
251
235
205
120
251
235
197
205
22
251
96
105
205
120
251
209
205
144
249
200
235
205
120
251
62
63
205
185
252
195
108
248
62 # (SUB) Ввод блока с магнитофона
255
205
255
250
229
9
235
205
253
250
225
9
235
229
205
10
251
62
255
205
255
250
225
229 # (SUB) Разрешение отобр. информации на экране
33
1
192
54
0
43
54
77
54
29
54
153
54
147
35
54
39
126
126
230
32
202
225
250
33
8
224
54
128
46
4
54
208
54
118
44
54
35
54
73
46
8
54
164
225
201
62
8
205
152
251
71
62
8
205
152
251
79
201
62
8
205
152
251
119
205
153
249
195
10
251
1 # (SUB) Подсчет контрольной суммы блока
0
0
126
129
79
245
205
144
249
202
159
249
241
120
142
71
205
153
249
195
25
251
121
183
202
53
251
50
48
118
229
205
22
251
225
205
120
251
235
205
120
251
235
229
96
105
205
120
251
225 # (SUB) Вывод блока на магнитофон
197
1
0
0
205
70
252
5
227
227
194
77
251
14
230
205
70
252
205
144
251
235
205
144
251
235
205
134
251
33
0
0
205
144
251
14
230
205
70
252
225
205
144
251
195
206
250
197
205
176
249
124
205
165
252
125
205
186
249
193
201
78
205
70
252
205
153
249
195
134
251
76
205
70
252
77
195
70
252
229 # (SUB) Ввод байта с магнитофона
197
213
87
62
128
50
8
224
33
0
0
57
49
0
0
34
13
118
14
0
58
2
128
15
15
15
15
230
1
95
241
121
230
127
7
79
38
0
37
202
52
252
241
58
2
128
15
15
15
15
230
1
187
202
191
251
177
79
21
58
47
118
194
220
251
214
18
71
241
5
194
221
251
20
58
2
128
15
15
15
15
230
1
95
122
183
242
11
252
121
254
230
194
255
251
175
50
46
118
195
9
252
254
25
194
183
251
62
255
50
46
118
22
9
21
194
183
251
33
4
224
54
208
54
118
35
54
35
54
73
62
39
50
1
192
62
224
50
1
192
46
8
54
164
42
13
118
249
58
46
118
169
195
161
252
42
13
118
249
205
206
250
122
183
242
174
250
205
164
249
195
156
251
229 # (SUB) Запись байта на магнитофон
197
213
245
62
128
50
8
224
33
0
0
57
49
0
0
22
8
241
121
7
79
62
1
169
50
2
128
58
48
118
71
241
5
194
102
252
62
0
169
50
2
128
21
58
48
118
194
122
252
214
14
71
241
5
194
123
252
20
21
194
88
252
249
33
4
224
54
208
54
118
35
54
35
54
73
62
39
50
1
192
62
224
50
1
192
46
8
54
164
241
209
193
225
201
245 # (SUB) Печать байта 0х
15
15
15
15
205
174
252
241
230
15
254
10
250
183
252
198
7
198
48
79
245 # (SUB) Вывод символа на экран
197
213
229
205
1
254
33
133
253
229
42
2
118
235
42
0
118
58
4
118
61
250
238
252
202
101
253
226
115
253
121
214
32
79
13
250
233
252
197
205
185
253
193
195
221
252
175
50
4
118
201
121
230
127
79
254
31
202
163
253
254
12
202
178
253
254
13
202
243
253
254
10
202
71
253
254
8
202
214
253
254
24
202
185
253
254
25
202
226
253
254
26
202
197
253
254
27
202
158
253
254
7
194
56
253
1
240
5
120
251
61
194
40
253
120
243
61
194
46
253
13
194
39
253
201
113 # Занесение символа в видеопамять
205
185
253
122
254
3
192
123
254
8
192
205
226
253
122
254
27
194
197
253
229
213
33
194
119
17
16
120
1
158
7
26
119
35
19
11
121
176
194
88
253
209
225
201
121
254
89
194
233
252
205
178
253
62
2
195
234
252
121
214
32
79
13
62
3# ERROR 4->3
250
234
252
197
205
197
253
193
195
119
253
34
0
118
235
34
2
118
62
128
50
1
192
125
50
0
192
124
50
0
192
225
209
193
241
201
62
1
195
234
252
33
244
127
17
37
9
175
119
43
27
123
178
194
169
253
17
8
3
33
194
119
201
123
35
28
254
71
192
30
8
1
192
255
9
122
254
27
1
78
0
194
211
253
22
2
1
176
248
20
9
201
123
43
29
254
8
192
30
71
1
64
0
9
122
254
3
1
178
255
194
240
253
22
28
1
80
7
21
9
201
125
147
210
249
253
37
111
30
8
1
8
0
9
201
58 # (SUB) Опрос клавиатуры
2
128
230
128
202
14
254
58
5
118
183
192
229
42
9
118
205
114
254
189
111
202
42
254
62
1
50
11
118
38
21
175
34
9
118
225
50
5
118
201 # Возврат из опроса клавиатуры
37
194
33
254
60
202
34
254
60
202
81
254
197
1
3
80
205
39
253
193
58
11
118
38
224
61
50
11
118
202
76
254
38
64
62
255
195
34
254
58
2
128
230
128
202
81
254
58
6
118
47
50
6
118
195
26
254
205 # (SUB) Ввод символа с клавиатуры
1
254
183
202
99
254
175
50
5
118
58
9
118
201
58 # (SUB) Опрос кода нажатой клавиши
2
128
230
128
194
125
254
62
254
201
175
50
0
128
50
2
128
58
6
118
230
1
246
6
50
3
128
58
1
128
60
194
151
254
61
201 # Возврат из опроса клавиши
229
46
1
38
7
125
15
111
47
50
0
128
58
1
128
47
183
194
179
254
37
242
156
254
62
255
225
201
46
32
58
1
128
47
183
202
175
254
45
194
181
254
46
8
45
7
210
195
254
124
101
111
254
1
202
250
254
218
243
254
7
7
7
198
32
180
254
95
194
6
255
62
32
225
201
9
10
13
127
8
25
24
26
12
31
27
0
1
2
3
4
5
124
33
234
254
195
254
254
124
33
226
254
133
111
126
254
64
225
216
229
111
58
2
128
103
230
64
194
26
255
125
254
64
250
63
255
230
31
225
201
58
6
118
183
202
42
255
125
254
64
250
42
255
246
32
111
124
230
32
194
63
255
125
254
64
250
59
255
125
238
32
225
201
125
230
47
111
125
254
64
225
240
229
111
230
15
254
12
125
250
80
255
238
16
225
201
42 # (SUB) Определение адреса верх. гран. своб. памяти
49
118
201
34 # (SUB) Установка адреса верхней гран. своб. памяти
49
118
201
31
114
97
100
105
111
45
56
54
114
107
0
13
10
45
45
62
0
13
10
24
24
24
24
0
13
10
32
80
67
45
13
10
32
72
76
45
13
10
32
66
67
45
13
10
32
68
69
45
13
10
32
83
80
45
13
10
32
65
70
45
25
25
25
25
25
25
0
8
32
8
0
34
22
118
245
225
34
30
118
225
43
34
20
118
33
0
0
57
49
30
118
229
213
197
42
20
118
49
207
118
205
120
251
235
42
35
118
205
144
249
194
108
248
58
37
118
119
195
108
248
33
115
255
205
34
249
33
20
118
6
6
94
35
86
197
229
235
205
120
251
205
238
248
210
246
255
205
90
249
209
213
235
114
43
115
225
193
5
35
194
222
255
201
255
255
