0
0
0
0
0
0
0
0
0
0
0
0
0
0
0
0
0
0
0
0
0
0
0
0
0
0
0
0
0
0
0
0
0
0
0
0
0
0
0
0
0
0
0
0
0
0
0
0
0
0
0
0
0
0
0
0
0
0
0
0
0
0
0
0
0
0
0
0
0
0
0
0
0
0
0
0
0
0
0
0
0
0
0
0
0
0
0
0
0
0
0
0
0
0
0
0
0
0
0
0
0
0
0
0
0
0
0
0
0
0
0
0
0
0
0
0
0
0
0
0
0
0
0
0
0
0
0
0
0
0
0
0
0
0
0
0
0
0
0
0
0
0
0
0
0
0
0
0
0
0
0
0
0
0
0
0
0
0
0
0
0
0
0
0
0
0
0
0
0
0
0
0
0
0
0
0
0
0
0
0
0
0
0
0
0
0
0
0
0
0
0
0
0
0
0
0
0
0
0
0
0
0
0
0
0
0
0
0
0
0
0
0
0
0
0
0
0
0
0
0
0
0
0
0
0
0
0
0
0
0
0
0
0
0
0
0
0
0
0
0
0
0
0
0
0
0
0
0
0
0
0
0
0
0
0
0
195
144
4
0
6
0
4
128
2
192
1
0
1
176
0
128
0
80
0
32
0
3
0
7
0
15
0
45
0
120
0
44
1
88
2
0
1
8
24
12
0
0
0
3
0
0
0
0
0
0
0
52
18
0
0
0
0
0
0
0
0
0
0
229
197
14
27
205
9
248
14
89
205
9
248
122
198
32
79
205
9
248
123
198
32
79
205
9
248
193
225
201
205
63
1
6
25
14
123
205
9
248
14
8
205
9
248
14
26
205
9
248
5
194
97
1
201
205
63
1
35
126
229
205
21
248
225
43
126
229
205
21
248
225
35
35
201
123
134
39
119
35
122
142
39
119
201
197
213
229
42
51
1
6
25
84
93
25
124
170
7
230
1
181
111
5
194
155
1
34
51
1
125
225
209
193
201
24
25
8
26
245
230
3
229
197
6
0
79
33
177
1
9
126
79
254
25
194
212
1
229
205
30
248
58
43
1
188
225
202
216
1
78
205
9
248
193
225
241
201
251
42
57
1
235
205
63
1
58
59
1
6
5
205
9
248
205
181
1
197
14
8
205
9
248
193
15
15
5
194
233
1
243
201
38
128
201
42
60
1
235
205
63
1
6
5
38
255
58
62
1
245
229
197
205
33
248
193
225
254
123
204
254
1
241
205
181
1
15
15
5
194
15
2
124
201
38
0
205
147
1
230
15
198
36
111
34
57
1
34
60
1
205
147
1
50
59
1
50
62
1
201
205
1
2
254
128
200
14
46
205
220
1
42
60
1
34
57
1
58
62
1
50
59
1
14
127
205
220
1
62
255
201
42
57
1
58
59
1
201
205
97
2
36
34
60
1
50
62
1
205
66
2
201
205
104
2
254
128
194
118
2
195
169
5
205
97
2
45
195
108
2
205
97
2
44
195
108
2
205
97
2
14
1
195
156
2
205
97
2
14
3
205
240
2
50
62
1
34
60
1
6
10
33
220
2
197
1
60
1
10
134
95
3
10
35
134
87
35
229
42
60
1
229
235
34
60
1
125
254
55
210
206
2
254
29
218
206
2
205
66
2
225
34
60
1
225
254
255
193
200
5
194
170
2
201
0
0
0
255
1
0
255
0
2
0
254
0
3
0
253
0
4
0
252
0
6
4
87
230
3
129
230
3
95
122
230
252
179
15
15
5
194
242
2
201
38
0
84
30
30
205
63
1
46
25
6
255
197
229
205
33
248
14
24
205
9
248
225
193
254
123
202
35
3
6
0
45
194
16
3
120
167
194
54
3
36
124
254
24
194
6
3
62
0
201
84
30
30
205
63
1
46
25
229
14
25
205
9
248
205
33
248
14
26
205
9
248
79
205
9
248
225
45
194
62
3
37
62
255
194
54
3
58
54
1
60
60
50
54
1
201
42
55
1
190
35
34
55
1
201
33
44
1
17
19
12
205
117
1
201
31
32
60
60
60
32
115
32
116
32
97
32
107
32
97
32
110
32
62
62
62
10
13
10
32
117
112
114
97
119
108
101
110
105
101
58
10
13
10
60
45
32
32
119
108
101
119
111
10
13
45
62
32
32
119
112
114
97
119
111
10
13
70
49
32
32
112
111
119
101
114
110
117
116
120
32
119
108
101
119
111
10
13
70
50
32
32
112
111
119
101
114
110
117
116
120
32
119
112
114
97
119
111
10
13
72
79
77
69
45
117
114
111
110
105
116
120
32
83
80
65
67
69
45
111
115
116
97
110
111
119
10
13
70
52
32
32
122
97
107
111
110
126
105
116
120
13
10
10
10
116
101
107
117
125
105
106
32
114
101
122
117
108
120
116
97
116
58
32
10
13
10
10
114
101
122
117
108
120
116
97
116
58
10
13
10
10
108
117
126
123
105
106
32
114
101
122
117
108
120
116
97
116
58
10
13
10
10
119
97
123
32
107
108
97
115
115
32
40
49
45
56
41
58
32
10
13
10
32
32
32
32
32
32
32
42
65
76
71
42
32
32
119
101
114
115
46
51
46
49
10
13
32
32
40
67
41
49
57
56
56
32
107
111
108
111
109
110
97
32
34
105
110
116
101
103
114
97
108
34
0
49
52
6
33
119
3
205
24
248
17
29
0
205
92
1
17
55
0
205
92
1
17
29
24
205
63
1
6
26
14
123
205
9
248
5
194
175
4
38
0
46
25
84
30
30
205
63
1
14
46
205
9
248
45
194
192
4
36
124
254
24
194
184
4
42
48
1
125
47
95
124
47
87
42
44
1
34
46
1
25
210
233
4
42
44
1
34
48
1
33
3
0
34
44
1
33
44
1
17
19
12
205
117
1
17
19
15
205
117
1
17
19
18
205
117
1
205
40
2
17
19
21
205
63
1
205
3
248
254
49
218
13
5
254
57
210
13
5
214
49
230
7
50
50
1
198
49
79
205
9
248
62
0
50
53
1
49
52
6
58
53
1
60
254
8
245
230
7
50
53
1
241
17
0
0
33
44
1
194
72
5
17
153
153
205
137
1
205
109
3
205
104
2
254
255
194
169
5
58
50
1
7
95
22
0
33
3
1
25
94
35
86
235
17
255
255
229
213
205
18
248
47
167
204
3
248
254
3
202
144
4
254
32
204
3
248
33
35
1
34
55
1
205
100
3
204
143
2
205
100
3
204
151
2
205
100
3
204
129
2
205
100
3
204
136
2
205
100
3
202
118
2
209
225
25
218
104
5
195
44
5
14
123
205
220
1
175
50
54
1
30
254
28
28
213
205
4
3
209
167
194
180
5
33
21
1
22
0
25
94
35
86
33
44
1
205
137
1
6
24
17
30
0
205
63
1
197
205
33
248
193
254
123
202
144
4
14
24
205
9
248
5
194
214
5
205
40
2
14
7
205
9
248
195
44
5
202
144
4
254
32
204
3
248
33
35
1
34
230
188
39
