49
255
117
17
246
3
205
80
3
175
50
46
19
1
10
16
205
111
5
33
0
1
34
5
19
33
48
19
195
157
7
0
78
0
80
0
2
0
0
0
78
0
80
0
2
0
0
0
78
0
80
0
2
0
0
0
78
0
80
0
2
0
0
0
4
0
254
255
2
0
0
0
156
0
178
255
78
0
0
0
4
0
254
255
2
0
0
0
156
0
178
255
78
0
0
0
76
0
78
0
2
0
0
0
80
0
2
0
178
255
0
0
76
0
78
0
2
0
0
0
80
0
2
0
178
255
0
0
80
0
78
0
254
255
0
0
76
0
254
255
178
255
0
0
80
0
78
0
254
255
0
0
76
0
254
255
178
255
0
0
76
0
2
0
254
255
0
0
80
0
78
0
178
255
0
0
254
255
2
0
180
255
0
0
78
0
176
255
178
255
0
0
80
0
254
255
2
0
0
0
78
0
180
255
178
255
0
0
2
0
254
255
176
255
0
0
76
0
78
0
178
255
0
0
78
0
254
255
2
0
0
0
78
0
2
0
178
255
0
0
254
255
2
0
178
255
0
0
78
0
254
255
178
255
0
0
33
36
120
34
7
19
34
9
19
235
62
20
50
25
19
175
50
17
19
50
18
19
205
31
2
205
74
2
50
47
19
205
31
2
205
94
2
58
47
19
254
46
194
46
3
33
206
122
1
2
8
54
32
35
5
194
51
1
6
8
33
28
123
13
194
51
1
58
23
19
183
194
83
1
17
208
122
205
40
2
205
94
2
58
15
19
50
13
19
58
16
19
50
14
19
175
50
12
19
33
13
19
60
190
204
123
1
33
14
19
190
204
191
2
14
255
13
194
116
1
195
99
1
245
52
62
255
50
11
19
205
27
248
254
255
202
189
2
71
33
13
19
58
15
19
134
119
120
254
8
202
225
1
254
24
202
236
1
254
26
202
247
1
254
25
202
7
2
42
7
19
235
205
31
2
205
127
2
205
31
2
33
78
0
25
235
58
25
19
61
50
25
19
205
74
2
254
46
202
178
1
205
31
2
33
178
255
25
34
7
19
235
58
25
19
60
50
25
19
205
94
2
195
189
2
42
7
19
43
43
34
9
19
195
140
2
42
7
19
35
35
34
9
19
195
140
2
58
17
19
60
254
4
250
1
2
175
50
18
19
195
140
2
14
7
205
9
248
58
23
19
214
4
50
23
19
202
189
2
62
4
50
23
19
195
189
2
58
17
19
50
19
19
195
52
2
58
0
19
195
55
2
58
18
19
50
19
19
58
1
19
15
15
15
230
224
79
58
19
19
7
7
7
230
31
129
79
6
0
201
10
111
12
10
103
12
25
126
254
46
192
121
230
7
194
74
2
62
46
201
62
23
50
2
19
62
17
50
3
19
10
111
12
10
103
12
25
58
2
19
119
35
58
3
19
119
121
230
7
194
104
2
201
62
46
50
2
19
62
32
50
3
19
195
104
2
42
7
19
235
205
31
2
205
127
2
42
9
19
235
205
46
2
205
74
2
254
46
194
179
2
235
34
7
19
175
50
11
19
58
18
19
50
17
19
205
31
2
42
7
19
235
205
94
2
241
201
245
58
16
19
134
50
14
19
42
7
19
235
33
78
0
25
34
9
19
205
31
2
205
127
2
42
9
19
235
121
214
8
79
205
74
2
254
46
194
251
2
235
34
7
19
58
25
19
61
50
25
19
205
31
2
205
94
2
241
201
58
11
19
183
194
22
3
42
7
19
235
195
243
2
42
7
19
235
205
31
2
205
127
2
195
179
2
58
12
19
183
194
36
3
60
50
12
19
195
2
3
42
7
19
235
205
31
2
205
94
2
49
255
117
195
54
8
42
5
19
14
16
124
41
230
96
234
65
3
35
13
194
57
3
34
5
19
124
133
230
7
202
52
3
201
14
31
213
205
9
248
209
33
151
121
6
7
26
19
50
24
19
197
1
8
8
26
19
213
95
58
24
19
87
123
23
210
115
3
114
35
13
194
110
3
14
8
209
5
194
101
3
193
5
200
14
14
35
13
194
132
3
195
97
3
14
31
205
9
248
22
21
213
205
119
5
1
24
11
205
111
5
209
21
202
173
3
213
33
93
4
205
24
248
209
195
147
3
33
116
4
205
24
248
14
12
205
9
248
201
33
133
120
17
139
4
205
237
3
33
30
121
205
237
3
33
108
121
205
237
3
33
186
121
205
237
3
33
8
122
205
237
3
33
220
123
205
237
3
33
120
124
205
237
3
33
20
125
205
237
3
201
26
19
183
200
119
35
195
237
3
64
0
120
254
24
66
24
66
0
0
132
16
36
68
36
66
0
0
128
16
66
72
66
66
0
0
128
16
66
112
66
126
0
0
128
16
126
72
126
66
0
0
132
16
66
68
66
66
0
0
120
16
66
66
66
66
0
13
10
10
32
32
32
32
32
119
97
123
101
32
105
109
113
32
63
32
0
13
10
10
32
32
32
32
32
119
97
123
32
114
97
110
103
32
40
48
45
57
41
32
63
32
0
17
46
32
46
32
46
32
46
32
46
32
46
32
46
32
46
32
46
32
46
32
17
0
21
20
20
20
20
20
20
20
20
20
20
20
20
20
20
20
20
20
20
20
20
17
0
117
112
114
97
119
108
101
110
105
101
0
29
32
45
32
115
100
119
105
103
32
119
108
101
119
111
0
14
32
45
32
115
100
119
105
103
32
119
112
114
97
119
111
0
15
32
45
32
112
111
119
111
114
111
116
0
11
32
45
32
112
111
107
97
122
97
116
120
32
115
108
101
100
117
96
125
96
96
0
119
115
101
103
111
32
111
126
107
111
119
32
32
45
0
114
97
110
103
32
32
32
32
32
32
32
32
32
45
0
112
111
108
110
121
104
32
115
116
114
111
107
32
45
0
33
230
125
34
42
19
6
20
14
10
126
254
46
202
38
5
35
35
13
194
17
5
205
53
5
42
42
19
195
15
5
17
178
255
42
42
19
25
34
42
19
5
194
15
5
201
197
58
20
19
60
50
20
19
42
42
19
34
44
19
5
14
20
42
44
19
235
33
178
255
25
34
44
19
126
18
19
35
13
194
81
5
5
194
68
5
42
44
19
17
32
46
14
10
114
35
115
35
13
194
101
5
193
201
205
9
248
5
194
111
5
201
14
10
205
9
248
14
13
195
9
248
58
20
19
60
71
58
56
19
60
79
175
198
10
13
194
140
5
184
240
58
56
19
254
9
200
60
50
56
19
14
7
195
9
248
58
25
19
33
56
19
134
134
134
33
23
19
134
95
22
0
42
21
19
25
34
21
19
201
34
39
19
235
175
50
38
19
124
50
41
19
30
0
6
16
183
125
23
111
124
23
103
123
23
95
214
10
63
210
220
5
95
5
194
204
5
23
230
1
41
181
111
123
198
48
205
254
5
124
181
194
199
5
58
41
19
183
242
253
5
62
45
205
254
5
201
229
79
42
39
19
84
93
35
34
39
19
58
38
19
183
202
27
6
71
235
126
235
119
43
27
5
194
17
6
121
119
58
38
19
60
50
38
19
43
119
225
201
70
35
126
18
35
19
5
194
42
6
201
33
48
19
6
8
229
205
3
248
79
254
8
202
87
6
254
13
202
102
6
254
32
250
57
6
205
9
248
225
113
35
5
194
56
6
201
120
254
8
242
57
6
205
9
248
225
43
4
195
56
6
225
54
32
35
5
194
103
6
201
33
0
16
58
46
19
60
95
22
1
122
254
10
242
210
6
14
32
198
48
71
205
138
7
72
205
138
7
14
46
205
138
7
205
136
7
6
8
205
126
7
205
146
7
126
35
198
48
79
205
138
7
205
146
7
6
6
35
205
126
7
205
146
7
1
8
3
205
149
7
58
34
19
186
194
196
6
14
42
205
138
7
205
138
7
20
122
187
240
229
213
205
119
5
209
225
195
121
6
14
49
198
38
71
195
132
6
58
46
19
183
194
238
6
60
50
46
19
17
0
16
33
48
19
195
115
7
71
4
14
0
17
57
19
33
0
16
121
7
7
7
7
198
9
111
26
190
202
46
7
250
60
7
125
230
240
111
34
32
19
121
60
50
34
19
205
96
7
42
32
19
235
33
48
19
6
16
205
117
7
58
46
19
254
15
200
60
50
46
19
201
126
35
19
50
35
19
26
190
202
86
7
242
8
7
12
120
185
194
242
6
13
58
46
19
254
15
194
8
7
17
224
16
62
15
50
34
19
195
27
7
58
35
19
61
194
47
7
195
60
7
33
239
16
17
255
16
126
18
43
27
58
32
19
61
189
194
102
7
201
6
16
126
18
35
19
5
194
117
7
201
78
35
205
138
7
5
194
126
7
201
14
32
229
213
205
9
248
209
225
201
1
32
5
229
213
205
111
5
209
225
201
1
32
16
113
35
5
194
160
7
33
47
4
205
24
248
205
51
6
33
67
4
205
24
248
205
3
248
79
214
48
250
181
7
254
10
242
181
7
50
56
19
205
140
3
33
0
0
34
21
19
175
50
20
19
62
4
50
23
19
205
185
3
205
52
3
50
0
19
58
56
19
33
136
124
198
48
119
33
26
19
58
20
19
95
22
0
205
187
5
33
26
19
17
36
125
205
40
6
17
57
19
42
21
19
235
205
187
5
33
57
19
17
236
123
205
40
6
58
0
19
50
1
19
205
52
3
50
0
19
62
90
33
56
19
150
150
150
150
150
150
50
16
19
62
80
150
150
50
15
19
195
0
1
205
7
5
205
129
5
205
163
5
58
47
19
254
46
202
225
7
205
218
6
33
130
8
205
24
248
205
119
5
205
111
6
33
110
8
205
24
248
205
3
248
230
95
254
68
202
25
0
254
78
202
108
248
195
92
8
27
89
52
37
101
125
101
32
114
97
122
32
40
68
47
78
41
32
63
0
31
10
10
32
32
32
32
32
32
105
109
113
32
32
32
32
32
32
114
97
110
103
32
32
32
32
111
126
107
105
13
10
0
202
98
3
121
186
202
11
3
120
163
186
194
54
3
62
35
50
90
3
195
85
3
187
194
66
3
62
43
50
90
3
195
85
3
254
64
194
77
3
17
178
255
195
80
3
17
78
0
62
25
50
90
3
120
230
63
71
113
35
5
194
224
1
195
11
3
201
0
0
0
201
0
0
0
0
0
0
0
2
3
3
46
20
2
32
129
3
1
5
1
16
129
2
0
0
0
0
0
