1
0
0
17
0
2
62
32
245
175
33
0
0
235
115
36
114
37
35
235
9
61
194
13
66
20
3
241
61
194
8
66
33
22
67
205
11
67
33
153
70
62
67
54
0
43
54
2
43
188
194
43
66
175
50
36
67
47
50
35
67
50
37
67
1
0   # 100 число знаков
4	# 0
197
175
1
77
1
33
101
253
34
38
67
17
153
70
197
60
135
104
103
126
105
78
36
134
71
235
229
86
43
94
98
107
41
41
25
41
9
235
42
38
67
35
35
34
38
67
235
6
255
4
25
218
116
66
125
147
88
79
124
154
71
225
112
43
113
43
235
193
11
121
176
125
194
81
66
30
255
28
214
10
210
144
66
198
10
50
0
68
123
254
9
194
168
66
33
36
67
52
195
227
66
254
10
194
192
66
58
35
67
60
205
249
66
175
50
35
67
14
48
205
255
66
195
227
66
58
35
67
7
218
218
66
205
246
66
58
37
67
183
202
218
66
175
50
37
67
14
46
205
9
248
123
50
35
67
14
57
205
255
66
193
11
120
177
194
67
66
205
246
66
33
28
67
205
11
67
195
243
66
58
35
67
198
48
79
195
9
248
33
36
67
52
53
200
205
9
248
195
3
67
126
35
183
200
79
205
9
248
195
11
67
13
10
80
73
61
0
13
10
79
75
13
10
0
0
0
0
0
0
0
0
230
17
166
