195
192
5
15
192
235 # was 229
122 # was 122
0
64
129
123
23
23
202
213
100
60
64
7
254
8
194
27
0
62
2
201
254
24
202
34
0
175
201
62
1
201
38
6
205
160
1
111
126
238
128
71
46
0
126
184
202
57
0
120
238
128
119
69
42
5
0
93
84
23
218
74
0
31
79
9
195
83
0
63
31
79
125
145
111
124
152
103
34
5
0
126
50
11
0
35
126
50
12
0
43
235
62
58
119
35
119
235
62
118
119
35
119
201
0
0
0
14
1
58
7
0
71
42
13
0
235
42
11
0
124
254
58
194
140
0
125
254
58
194
140
0
62
255
201
124
254
23
194
149
0
62
255
201
254
40
202
159
0
254
41
194
165
0
205
16
2
195
174
0
254
42
194
173
0
62
15
201
19
13
250
182
0
125
195
141
0
235
34
13
0
58
7
0
168
194
149
1
175
201
0
0
0
0
62
9
0
0
33
0
32
43
124
181
194
206
0
62
8
0
0
201
33
255
14
43
124
181
194
220
0
201
195
192
6
0
0
0
0
0
205
37
0
205
112
0
254
15
202
254
0
254
255
194
255
0
205
199
0
201
254
240
202
7
1
205
16
1
205
217
0
195
96
7
0
0
0
1
58
0
195
192
1
126
185
194
30
1
62
32
119
62
79
50
143
1
205
141
1
126
185
194
69
1
35
126
185
194
61
1
43
34
9
0
17
78
0
25
62
32
119
201
17
76
0
25
34
9
0
201
17
156
0
25
126
185
194
112
1
35
126
185
194
100
1
43
34
9
0
62
78
50
143
1
205
141
1
62
32
119
201
62
80
50
143
1
205
141
1
34
9
0
201
62
79
50
143
1
205
141
1
126
185
194
129
1
34
9
0
201
35
62
32
119
35
62
58
119
34
9
0
201
125
214
79
111
124
152
103
201
120
50
7
0
62
240
201
8
37
37
8
205
27
248
254
255
194
170
1
175
201
254
26
194
178
1
62
8
201
254
25
194
19
0
62
4
201
0
72
24
61
61
88
42
9
0
35
195
22
1
26
218
191
255
218
202
239
255
154
115
0
21
0
202
255
239
218
218
255
247
218
218
247
255
218
229
33
255
0
43
124
181
194
228
1
225
195
89
3
4
201
64
250
36
5
218
255
27
89
48
70
0
8
40
41
0
0
0
1
2
0
4
0
0
0
8
0
0
0
0
0
0
0
213
229
4
58
15
0
184
202
29
2
225
209
201
241
241
241
241
62
40
195
254
0
241
241
62
40
195
254
0
17
15
0
33
187
119
6
0
126
230
254
254
40
204
238
1
35
124
254
128
194
53
2
120
18
201
0
167
218
202
175
239
210
202
64
17
64
0
120
50
79
2
62
23
35
29
5
119
120
178
202
100
2
195
87
2
58
79
2
71
25
30
64
13
121
178
194
87
2
201
0
33
255
231
1
2
64
205
80
2
33
127
232
1
28
2
205
80
2
33
183
232
1
28
8
205
80
2
33
127
239
1
2
64
205
80
2
201
0
0
0
0
0
0
50
17
0
22
255
1
0
0
33
92
247
35
142
79
21
122
176
194
170
2
35
126
246
232
230
239
71
121
230
63
50
16
0
17
23
23
96
105
126
254
32
194
235
2
35
126
254
32
194
235
2
114
0
115
42
168
2
87
0
0
1
0
0
58
17
0
61
50
17
0
254
0
200
195
170
2
58
16
0
214
255
111
195
197
2
31
119
97
123
32
114
97
110
103
63
0
10
14
31
205
9
248
229
235
34
242
1
225
229
42
242
1
35
78
35
70
34
242
1
225
0
0
0
0
120
17
192
0
186
202
98
3
121
186
202
11
3
120
163
186
194
54
3
62
35
50
90
3
195
85
3
187
194
66
3
62
43
50
90
3
195
85
3
254
64
194
77
3
17
178
255
195
80
3
17
78
0
62
25
50
90
3
120
230
63
71
113
35
5
194
224
1
195
11
3
201
0
0
0
201
0
0
0
0
0
0
0
2
3
3
46
20
2
32
129
3
1
5
1
16
129
2
1
16
129
5
129
6
133
18
129
1
193
16
129
1
193
18
193
20
193
32
129
3
194
20
238
3
194
32
65
20
193
5
193
2
65
4
193
2
65
5
65
17
69
18
65
4
1
1
65
4
1
18
1
3
65
32
1
20
2
3
129
32
129
32
1
6
1
3
17
7
129
6
129
1
193
18
193
4
129
1
193
18
193
4
129
6
129
3
200
18
193
4
129
18
193
4
129
2
1
3
14
7
129
22
193
20
210
6
66
32
1
20
1
3
65
32
1
20
1
3
65
6
65
4
1
20
8
3
1
32
65
20
1
3
65
20
207
6
193
32
66
32
25
32
129
19
1
3
2
5
1
32
129
5
1
32
129
5
1
32
129
5
1
32
129
5
1
32
129
5
1
32
129
5
1
1
65
4
1
1
65
4
1
1
65
4
1
1
65
4
1
1
65
4
1
1
65
4
1
3
3
17
137
32
193
32
65
20
194
21
65
17
69
17
193
4
129
1
193
4
129
1
193
4
129
1
193
4
129
1
193
4
129
1
193
4
129
1
193
5
193
32
65
5
193
32
65
5
193
32
65
5
193
32
65
5
193
32
65
5
193
32
65
21
129
17
133
17
193
20
194
21
65
17
70
17
193
32
137
20
129
32
222
32
129
3
11
3
129
20
203
20
129
3
11
3
129
20
203
20
129
32
14
32
65
20
129
32
1
3
4
32
65
23
67
23
193
5
193
3
195
4
129
23
129
2
1
20
3
18
1
23
1
32
8
20
193
23
193
18
193
20
195
2
65
23
65
4
1
3
3
5
1
23
129
23
1
32
2
32
65
23
130
23
1
32
66
20
1
3
1
20
129
23
129
23
1
32
66
20
1
3
1
20
129
23
129
23
1
20
1
32
2
32
65
20
5
23
65
32
193
5
193
3
195
18
193
32
129
23
129
2
1
20
5
32
3
32
66
3
9
3
129
20
201
20
129
3
9
3
129
20
229
15
0
24
24
24
25
25
25
105
103
114
111
119
97
113
32
112
114
111
103
114
97
109
109
97
32
60
122
109
101
113
62
32
32
115
107
98
32
102
107
114
32
114
114
116
105
32
42
68
69
83
73
71
78
42
32
32
49
57
56
54
32
0
23
59
23
151
23
251
23
86
23
58
23
149
23
249
23
85
23
1
23
129
32
136
32
25
118
1
118
129
58
193
58
129
58
2
15
0
32
25
24
24
108
117
126
123
105
106
32
114
101
122
117
108
120
116
97
116
58
32
32
32
32
32
32
32
32
32
32
111
126
107
105
58
26
26
26
26
0
0
255
0
255
0
255
33
103 # was 96
120
17
111
3
205
0
3
33
48
5
205
24
248
205
3
248
33
196 # was 190
119
17
108
5
62
1
50
226
1
205
0
3
62
255
50
226
1
33
145
5
205
24
248
33
235 # was 229
122
34
5
0
33
135 # was 129
123
34
9
0
62
0
50
0
6
195
16
6
0
0
1
129
0
206
0
0
0
78
0
0
0
0
0
0
0
205
109
6
205
167
6
205
45
2
33
7
0
54
0
205
124
7
195
210
5
109
6
205
167
6
205
227
0
195
192
5
255
62
20
205
65
6
198
34
111
62
57
205
65
6
198
34
103
201
213
229
245
42
240
1
124
246
248
103
58
242
1
134
50
242
1
95
22
0
25
35
34
240
1
225
46
127
188
218
106
6
165
87
125
15
111
122
195
93
6
225
209
201
33
255
1
54
50
205
48
6
34
248
1
33
246
1
205
24
248
205
33
248
254
0
202
137
6
195
114
6
14
24
205
9
248
205
33
248
254
0
202
153
6
195
114
6
33
251
1
205
24
248
33
255
1
53
200
195
114
6
58
255
2
50
255
1
33
23
23
34
252
1
205
114
6
33
40
41
34
252
1
201
0
0
0
205
3
248
195
227
6
0
0
0
0
0
0
0
0
0
33
244
2
205
24
248
205
3
248
214
47
50
255
2
198
4
50
219
0
201
205
3
248
254
8
202
235
0
254
24
202
235
0
254
25
202
235
0
254
26
202
235
0
205
207
6
225
195
210
5
71
123
133
39
111
122
140
39
103
120
201
33
0
0
23
210
25
7
17
40
1
205
1
7
23
210
35
7
17
100
0
205
1
7
23
210
45
7
17
50
0
205
1
7
23
210
55
7
17
22
0
205
1
7
23
210
65
7
17
8
0
205
1
7
23
210
75
7
17
4
0
205
1
7
23
210
85
7
17
2
0
205
1
7
23
210
95
7
17
1
0
205
1
7
201
33
119
7
205
24
248
58
7
0
205
12
7
124
205
21
248
125
205
21
248
195
235
0
27
89
56
69
0
195
235
7
33
187
7
205
24
248
42
210
1
0
0
0
124
205
21
248
125
205
21
248
33
230
7
205
24
248
42
208
1
0
0
0
124
205
21
248
125
205
21
248
205
227
0
50
22
8
195
26
8
254
0
194
201
7
58
7
0
195
192
7
27
89
56
80
0
205
12
7
34
210
1
195
213
7
42
210
1
58
7
0
205
15
7
34
210
1
58
22
8
254
40
33
229
7
194
45
8
54
85
195
47
8
0
27
89
56
53
0
58
229
7
254
85
194
127
7
33
252
7
205
24
248
195
127
7
27
89
32
53
32
32
42
32
112
114
105
122
111
119
97
113
32
105
103
114
97
32
42
32
32
0
8
0
0
0
254
40
58
229
7
194
176
7
62
100
50
7
0
58
229
7
195
176
7
54
0
42
210
1
235
42
208
1
125
147
124
154
240
235
34
208
1
201

